1.605353414403376255e-01
7.308901088720788364e-01
1.209982895937301572e-01
4.791454785585352871e-02
-5.034663907861114396e-02
1.065849913504907098e+00
1.609476640344959852e+00
-1.000530951383954870e+00
-4.944550656061719174e-01
-1.372794711352481531e-02
-4.073652100838264650e-02
1.055871463793017773e-03
6.201872510660790816e-01
2.490888333079309458e+00
-1.212360013847058743e-02
-2.200142803226266541e-01
1.635309422808507024e-02
1.500522137916850129e-02
-2.054472301286788816e-03
2.405267438921666057e-01
1.083180808022487396e+00
1.289641176215582281e-03
2.051436257338845603e-02
1.943858447586129315e-03
-2.252041679087764953e-03
6.085758513738274283e-04
1.338710431155983732e-02
-5.885718165589380602e-04
-7.646691135608743584e-02
-1.547893893568644264e-03
9.083422975204345296e-04
4.541253484688584710e-03
4.928702468092564792e-04
1.369366506566915311e-02
-9.510665592214140318e-02
3.812517802064341126e-04
