9.856003542774546489e+00
-5.350845085274753110e+00
-3.008981682415690084e-01
7.441962424521102459e-01
-1.575111131552838217e-01
5.898694265414891724e+00
1.183806162920013705e+01
-3.825155025037955438e-03
-3.179511980805920679e+00
3.984226840067721653e-01
-7.199374673347072040e-01
6.940707949430331702e-02
3.375301073983595579e+00
6.766976516400683650e+00
-1.789054295176139425e-02
2.115167148576564959e-01
-1.204902631086575936e-02
4.930858665566530130e-02
1.264873716921706935e-02
3.096294861448438684e-01
2.515645166260321863e-03
-5.709911057391779954e-01
2.823854331922887734e-02
1.584756223147731511e-03
1.326810832347278396e-02
3.168795013854616965e-03
1.551594181049413268e-01
-9.913546732739835030e-04
8.944848557899381936e-02
9.439359243585894108e-03
1.941698082165176141e-04
7.653836051769324737e-03
4.207572609826602111e-03
1.068416671684323943e-02
-1.631184737246220385e-03
2.476414256649856448e-03
