1.950180299528370131e-01
7.830829551001203814e-01
-1.067131976706609670e-01
-1.815059810206306329e-02
1.425518686961172593e-02
1.147429034213319099e+00
1.632768907766188660e+00
1.003839461031064140e+00
-6.185726674216602827e-01
-1.026825079051190727e-02
-6.375610334458848942e-03
-8.785430056368000867e-03
6.042226124404893595e-01
2.475963027046592213e+00
9.516893701324143084e-03
-2.102691489750655451e-01
9.720250326810021477e-03
-4.985615541189819186e-03
-1.078100197829179666e-02
2.484645973212831482e-01
1.080425787080213862e+00
1.386917270993188490e-02
1.932521108862044965e-02
-6.240091165186304866e-04
-5.234410653574846474e-04
8.563511795378474939e-05
1.569503923824346753e-02
8.899777586852980509e-06
-7.471245971552528675e-02
-6.478456962015746636e-04
3.333895446503444267e-04
3.953738324794412763e-03
-1.848596180955397841e-04
1.493245793827015395e-02
-9.448871793182432588e-02
1.173724231077744084e-03
