1.010145360832432182e+01
-5.457685387443306446e+00
-2.084727933356175233e-01
7.175965346053463367e-01
-5.492770607142818257e-02
6.138463742032863379e+00
1.180332778044036246e+01
1.358675333054555276e-02
-3.204870268593065230e+00
3.526152298919155714e-01
-6.990050104967215905e-01
3.331134914798319219e-02
3.376671036343124488e+00
6.751163834997216284e+00
-2.503888534089010465e-02
2.068876115446383612e-01
-1.070038936060411887e-02
4.800018253871778107e-02
1.651378881024857803e-02
3.093944451922552852e-01
2.470358530384486519e-03
-5.709837193506783759e-01
2.818576791192147282e-02
1.568880100575994509e-03
1.327749612634562815e-02
3.162803656782027257e-03
1.551102659605220757e-01
-9.996594182182520945e-04
8.943698664340780924e-02
9.438077707066616640e-03
1.935493606393922912e-04
7.653121549477866561e-03
4.206780000129019433e-03
1.068430827506278505e-02
-1.631559254860821123e-03
2.476337015479084056e-03
