1.016772401405833526e-01
6.899209246561386344e-01
9.547940452145819989e-02
-5.280266293639090946e-05
3.373690096059692167e-02
1.120434775879037836e+00
1.634598146968434751e+00
-1.013650688095841135e+00
-4.924483893396575662e-01
-7.857748679439569006e-02
5.229767374969884752e-03
-5.808551988176449687e-02
5.252316279789974729e-01
2.496571422787500438e+00
5.677843326910576860e-03
-1.984546063480776557e-01
6.379582064045229151e-03
-2.959968311957206916e-02
-2.258247214640226458e-02
2.335984269910953703e-01
1.100190613873470946e+00
-1.902870450225466539e-02
3.854680531407304184e-02
-7.467747768887915416e-04
1.020019764036413437e-02
-1.184247903456300474e-02
1.365569663023247921e-02
4.917562344845445056e-03
-7.398094368034430213e-02
-1.896828076976763561e-02
2.831624747901009386e-03
-4.623949970033118528e-03
-1.502680136976361838e-03
2.585012742904799557e-02
-8.884714275789570848e-02
5.642737032623735410e-03
