2.602659446411608180e-01
6.652669473172105885e-01
1.146451285529908465e-01
-1.972050768391630637e-03
1.662436388018121922e-02
1.209711535551797557e+00
1.638384283336597580e+00
-1.008862339098903993e+00
-5.283420964461164049e-01
-6.447663469075552711e-02
1.721022205954065437e-02
3.485236265669409278e-03
5.406690908306583943e-01
2.484314066468070070e+00
8.958086845030526976e-03
-1.688656459483242334e-01
1.444625614572620301e-02
6.208647403982453690e-04
-3.038594100323734168e-04
2.515810699393974392e-01
1.084785445248463320e+00
-1.981767695108112987e-02
2.305138183349066117e-02
2.150985703035597409e-03
-6.030142276089802984e-04
9.503675186931369746e-04
1.000011723941418400e-02
-2.719869231854105444e-04
-7.455098641338517296e-02
-3.026313358262033848e-03
1.123362178144609696e-04
3.355195791637733717e-03
1.976436328119504475e-03
1.313467742763838389e-02
-9.548176695417139037e-02
3.756834530592639072e-04
