2.199184035582066876e-01
6.751142642528489279e-01
1.096257677005377934e-01
-3.387850510186840667e-03
4.027010046365360474e-03
1.135871352939687329e+00
1.631162653993419198e+00
-1.015590348838263157e+00
-5.195149367925769868e-01
-4.270740964010338175e-02
2.077622569248669879e-02
2.912381880954034892e-04
5.547199003554972307e-01
2.476419006863036731e+00
9.683147502252187344e-03
-1.645484069250036929e-01
1.153947222046109410e-02
-1.175033047905762844e-02
-9.235097537969421668e-04
2.464516790593240247e-01
1.073306917964292451e+00
-1.478681485449364480e-02
2.400478441699024218e-02
1.738861335420882170e-04
-1.644481686199114178e-04
-6.323216178118538771e-06
1.950109115969812790e-02
3.140643022315943416e-09
-7.203874790766766345e-02
-1.898797322741701231e-03
-2.866275022956292083e-04
4.517515584290995520e-03
1.314489115124236652e-04
1.447604099263633155e-02
-9.203212754307821264e-02
1.908172917707346068e-04
