1.403291101519765494e-01
6.492183365898837044e-01
1.261549454586476937e-01
-1.019770449104687171e-02
7.697914723004913029e-03
1.135412614382339980e+00
1.630992678912500660e+00
-1.015498724128155228e+00
-5.275755566850753864e-01
-6.699348802968421723e-02
1.107325428919130050e-02
-1.393716852891069280e-02
5.099320133935018040e-01
2.491605546905856006e+00
7.143568958309864936e-03
-1.650967030863373930e-01
1.695842730840625007e-02
-1.644064868419624348e-02
-9.555670214733691381e-05
2.263618318946808428e-01
1.092660381902989641e+00
-1.378941267596715120e-02
2.394442253735386272e-02
2.336023319242597207e-03
-1.168190094870715824e-03
3.782619907400707610e-03
7.717149306471188241e-03
-1.700700293290561410e-04
-7.463778352187142029e-02
-2.197135370272758001e-03
6.173481015838203339e-05
3.265013292012639966e-03
2.307434475914609505e-03
1.311488247458271299e-02
-9.554939711489374154e-02
3.695757457952577154e-04
