2.458305245421667229e-01
6.879138172384510197e-01
1.138499320911246088e-01
-2.431322520200571938e-03
2.089330812283704542e-02
1.210993110896758651e+00
1.640367017808825212e+00
-1.007413584291051434e+00
-5.306139314436093546e-01
-6.493883037285234916e-02
1.372485013933086653e-02
2.303070520283887531e-03
5.557281496253726472e-01
2.482530534507238595e+00
8.900075213998322882e-03
-1.683997996608769809e-01
1.463344606553449931e-02
-3.248161800038902266e-04
-2.263673088514269260e-05
2.489831644505987041e-01
1.084595651341947020e+00
-1.968360398540530340e-02
2.319779613991550943e-02
2.127137382664367506e-03
-5.274684956954903093e-04
2.795746934231432769e-04
1.005434292251150205e-02
-8.001823922445790247e-05
-7.452547900330330766e-02
-3.151085050839171932e-03
1.494686029655139842e-04
3.358440828985172905e-03
1.957018111478269363e-03
1.313717056077712102e-02
-9.549817530832985235e-02
3.567849398846516793e-04
