1.020718738848563412e+01
-6.049797189264575437e+00
-5.780692709596099016e-02
5.297617035819873754e-01
1.147795146468308033e-02
5.892254851536375071e+00
1.185263700547822552e+01
2.357165911734741132e-02
-3.158462793402920799e+00
3.423911573927228558e-01
-6.185729264428759810e-01
5.213010518902778945e-02
3.566281526174843730e+00
6.773673983718684788e+00
-4.015615951366224151e-02
2.260140618143201274e-01
8.244234256086972745e-02
5.031894329195010090e-02
7.027695209254117108e-03
1.993460344994550937e-01
1.399775979225213740e-03
-5.262435699121407184e-01
8.364128975803800103e-02
1.277607109103115479e-02
5.873103246629294422e-02
2.655685387576609338e-02
1.046023964860218064e-01
5.847620961316723348e-02
1.565319671737900320e-01
3.034247854205513600e-02
1.726301151195719710e-02
1.576567405522270524e-02
2.402586176495265236e-02
7.792258307455442005e-03
-3.444379409666210260e-03
1.449678272845643899e-02
