1.020649233857010074e+01
-6.049440059519211488e+00
-5.580856601138416140e-02
5.337635311132560290e-01
9.431796167884413939e-03
5.889469724257834216e+00
1.185154617592601412e+01
2.346859316740577961e-02
-3.158762315795940356e+00
3.446667325521905467e-01
-6.192797320663996352e-01
5.467713106890173536e-02
3.569852906596958864e+00
6.773781449139923971e+00
-4.007290842642099310e-02
2.479391223063176219e-01
8.096038379706736732e-02
5.282377919683657608e-02
8.272502380271880978e-03
2.221773039213934542e-01
1.851480882009771392e-03
-5.254541861174530926e-01
6.041521163729799554e-02
1.394035783393796947e-02
5.713313855357294441e-02
3.049660248209896951e-02
1.041467357796931753e-01
5.639613173932520734e-02
1.577078842042427542e-01
3.169431876801007825e-02
1.969858909770160968e-02
1.329006450727444194e-02
1.919941365880351719e-02
4.917744983386426912e-03
-2.287869538321618285e-03
1.411088374441214245e-02
