1.023737546222399786e+01
-6.031953538527096370e+00
-4.962460378292128660e-02
5.388873021222815307e-01
1.701800901429643964e-02
5.955078296714715336e+00
1.184879733383156619e+01
2.479490255540540283e-02
-3.172556417875334933e+00
3.373069733108871593e-01
-6.230778095697510066e-01
4.774151056223002731e-02
3.560843504059797215e+00
6.771551024636316640e+00
-4.175656325624228782e-02
2.233139010082057507e-01
7.935735467390671316e-02
5.063178445279881840e-02
6.710389493403835781e-03
1.960857924554836873e-01
1.696418546959998878e-03
-5.252021585353957578e-01
8.287579834285946356e-02
1.244495841762463008e-02
5.675604654348175016e-02
2.357218213897496056e-02
1.042318347452235450e-01
5.896597886262960886e-02
1.565721135193333391e-01
2.791139279876859308e-02
1.658643874303583621e-02
1.449166640844476786e-02
2.236667579201077893e-02
8.282586635076270853e-03
-3.720067186193208933e-03
1.398709630306906385e-02
