1.020647549399814835e+01
-6.049455522986889378e+00
-5.581780731254948336e-02
5.337524366871183590e-01
9.428484812685322680e-03
5.889467671853129360e+00
1.185154812854591100e+01
2.346917596303921272e-02
-3.158769649818725878e+00
3.446834355484949541e-01
-6.192739972516440039e-01
5.467060074711538320e-02
3.569851785052288839e+00
6.773787270918821157e+00
-4.006957228719172648e-02
2.479250274690923406e-01
8.097283260884133305e-02
5.289798005754825505e-02
8.239735853907387275e-03
2.220796409514701752e-01
1.838528319230189889e-03
-5.254715545250688846e-01
6.030793776105154713e-02
1.389649800466809075e-02
5.771933189173163170e-02
3.061643890511784455e-02
1.033459224491343059e-01
5.636530225688750340e-02
1.577442958252749106e-01
3.155826004213949099e-02
1.905039191799664383e-02
1.645057979692972350e-02
2.672798836034239248e-02
-1.343635672616497016e-02
-2.650345966034888066e-03
1.362589636777375435e-02
