9.856000500550521792e+00
-5.350845064565570297e+00
-3.008997511388802337e-01
7.441963036606067394e-01
-1.575125126316549995e-01
5.898690372678920824e+00
1.183806186385263715e+01
-3.825043920981485712e-03
-3.179511301832514736e+00
3.984233323673769811e-01
-7.199377042307740782e-01
6.940762602034533657e-02
3.375299368028672031e+00
6.766976812800757912e+00
-1.789055610386851639e-02
2.115167196689087259e-01
-1.204902647763289592e-02
4.930860748322465903e-02
1.264868897845106144e-02
3.096294899503474474e-01
2.515645020671569004e-03
-5.709911041172326396e-01
2.823854362336596438e-02
1.584756287963402788e-03
1.326810819793379850e-02
3.168795518035883579e-03
1.551594175210273263e-01
-9.913544460782089396e-04
8.944848564804662450e-02
9.439359260849520400e-03
1.941698216103037757e-04
7.653836056117618164e-03
4.207572623267478995e-03
1.068416668939029673e-02
-1.631184729071812403e-03
2.476414255011373695e-03
