9.856000776155521947e+00
-5.350844935613937814e+00
-3.008995080957480583e-01
7.441963540943138389e-01
-1.575124467913211201e-01
5.898690398192352191e+00
1.183806185497616958e+01
-3.825055508780278706e-03
-3.179511195164930637e+00
3.984230906466903477e-01
-7.199375803485872360e-01
6.940741801310497394e-02
3.375299594339723708e+00
6.766976511469438904e+00
-1.789067107610425866e-02
2.115168418267157346e-01
-1.204897038208601473e-02
4.930851357346503760e-02
1.264864930079009214e-02
3.096295825455610551e-01
2.515637433016971059e-03
-5.709910704525834602e-01
2.823867830689054739e-02
1.584753403907539302e-03
1.326806323491848232e-02
3.168793058438975057e-03
1.551595450488972294e-01
-9.913526237022040645e-04
8.944847437835026782e-02
9.439485788075437436e-03
1.941802827552900894e-04
7.653636057637704625e-03
4.207455712037347188e-03
1.068522611863465498e-02
-1.631168715799688734e-03
2.476419610965008723e-03
