1.975950816670783150e-01
7.599526790645499963e-01
-1.176671233366805014e-01
-3.006970341564829674e-03
2.172532875093469151e-02
1.178415838175703945e+00
1.636096295797778488e+00
9.990848512681764770e-01
-6.124481349025454602e-01
-1.670670710163775496e-02
1.441307266905839102e-02
-2.974878683093333531e-02
6.031893376978684218e-01
2.501755640477526299e+00
1.853205353581249826e-02
-2.182764607496549270e-01
1.333214312588334831e-02
-1.187245818979371439e-02
-2.692349015338179469e-02
2.499913324152398530e-01
1.084984385937908691e+00
2.625699190385289566e-03
8.803723216999287740e-04
-2.183967990504342808e-03
-3.032516776644744033e-03
1.526462181795678816e-02
3.094343378840690856e-03
-2.302152434782276172e-03
-5.944339271194103158e-02
1.037184919089937860e-02
-5.628375070845223265e-04
4.501173359308220136e-03
1.265587373979241981e-03
1.052502495796308647e-02
-9.155121712185998462e-02
4.477489351988232259e-03
