1.811173158659656335e-01
7.830683227595599538e-01
-1.058123805302542825e-01
-1.861787950113863443e-02
2.866097580369381115e-02
1.143692772336901475e+00
1.632757245399689916e+00
1.004199029554559086e+00
-6.205339581758284595e-01
-1.115961148874622388e-02
-4.598183586094206632e-03
-1.673733917840677932e-02
5.934811241384383429e-01
2.479767833230855700e+00
9.344924093632279993e-03
-2.103692568489753667e-01
1.092921380221851223e-02
-3.770673112914766506e-03
-1.811881187438137142e-02
2.447773976782648409e-01
1.083266604538353217e+00
1.413347907491696934e-02
1.909456274710164339e-02
-2.062674954463279697e-03
-2.157766841833982929e-03
-1.972544752410658637e-03
1.098222084826939483e-02
1.267623027029820063e-03
-7.550727645618887651e-02
-6.506825610823781247e-04
5.656137223953911939e-04
3.953815690787429275e-03
-1.939523426330051412e-04
1.493227378531326865e-02
-9.549326427826526631e-02
1.149386389163121504e-03
