2.010390761054104691e-01
7.665895086272138670e-01
-1.090298222307364562e-01
-1.459262541899342992e-02
1.042503558592882719e-02
1.200692626836718624e+00
1.638173121298655666e+00
1.004238170795055618e+00
-6.133007907272701731e-01
-8.412016298643120241e-03
-5.627282770938438899e-03
-9.215361820794078576e-03
5.969018450308979373e-01
2.471216702089460870e+00
8.446636877618976177e-03
-2.133631851390895284e-01
1.141177417299194148e-02
-4.639257440797442747e-03
-1.691326671753632174e-02
2.430324716989003542e-01
1.079771081609927519e+00
1.451193612647038236e-02
1.874719476653048320e-02
-2.123033274593653236e-03
-1.919125117523291920e-03
-1.741116493304326008e-03
1.141671495791073652e-02
1.230400872717317884e-03
-7.547146093840260972e-02
-8.651181878062063572e-04
5.836234340296334337e-04
3.921002282085775566e-03
-2.669666197149313811e-04
1.485540680851918718e-02
-9.546271644367630704e-02
1.124890585262168941e-03
