1.963390872959698552e-01
7.716895658112855605e-01
-1.215999246731067351e-01
-7.610642999438345380e-03
2.855634170013374162e-03
1.175638483602935436e+00
1.630250261422488745e+00
9.958509101354564574e-01
-6.097088484548950360e-01
-4.887436498756289084e-03
-4.428083952154600149e-04
-3.584866777975156873e-04
6.192867220565820841e-01
2.465446820754376045e+00
2.625069553142810909e-03
-2.105024114346457642e-01
1.414444403477085714e-02
-3.470583713016517097e-03
-1.450364471922528480e-02
2.334779936507181963e-01
1.078365722018341799e+00
1.548995107080750055e-02
1.875273444265011455e-02
-1.894461755760019081e-03
-2.013029763814741437e-03
-1.855353999388670684e-03
1.107406106514435482e-02
9.898997233102145425e-05
-7.547725501920600488e-02
-8.592296096956035566e-04
6.286653739253500331e-04
3.930363731368942924e-03
-2.419453288622711842e-04
1.487177385616839272e-02
-9.546302146835011770e-02
1.174457078188507163e-03
