2.166812607470167962e-01
7.269713473780804458e-01
1.121376908962946617e-01
2.643954588564220373e-02
-2.786846659246902669e-02
1.171992166906721033e+00
1.618301039704526989e+00
-9.953021567542302828e-01
-5.234292164418461457e-01
-6.308301230161799875e-03
-4.106681471668659211e-02
1.900591708016236654e-03
5.957008912437994352e-01
2.491608440596259744e+00
-1.568892072188264944e-02
-2.207349182913604102e-01
1.597185166217790150e-02
1.572053878056860546e-02
-1.435914262750179627e-03
2.333022898332124673e-01
1.080326690011922830e+00
-1.448120972365746304e-03
2.075787376151885799e-02
1.764351435371915976e-03
-2.120733337262159252e-03
1.657111658644950711e-04
1.358265904288709185e-02
-5.933345146927101587e-04
-7.645112620009253401e-02
-1.550096708961109810e-03
9.053442132552812563e-04
4.499094966232039181e-03
5.022743145402683252e-04
1.363708594211671815e-02
-9.508565316661940492e-02
3.878619108365163231e-04
