2.028109660312806262e-01
7.598841263026892001e-01
1.118272660208630698e-01
1.859430458746324719e-02
-1.949519854837181154e-02
1.178765733476448530e+00
1.615836377209837860e+00
-9.931042471313054065e-01
-5.214782352126200449e-01
-1.009006557840327889e-02
-4.645944179772422411e-02
1.740262734828977196e-03
6.254622051819641593e-01
2.483561688250766952e+00
-1.320524508216086058e-02
-2.191169854516195059e-01
1.520436901228933331e-02
1.590548710184025785e-02
-1.128416430684549146e-03
2.267814935040217417e-01
1.079522101950848967e+00
-3.325639934550890693e-03
2.029946197283410969e-02
1.747218052764567707e-03
-2.248596571773947474e-03
4.301941641895914558e-04
1.344210112004588439e-02
-9.898993136289056187e-05
-7.645377111535056613e-02
-1.521868797138444017e-03
8.790287991571635274e-04
4.493511490042264959e-03
4.791593888595183136e-04
1.356346632067452311e-02
-9.510594739452638002e-02
4.057371966538158257e-04
