1.490053664857763638e-01
7.656654482431334285e-01
1.164919602361725870e-01
3.239586250119086408e-02
-3.721156209280741811e-03
1.107403868966019278e+00
1.610243195336132249e+00
-9.946317490205845990e-01
-5.408082738583733784e-01
-2.184003505630126990e-02
-3.693972402795370202e-02
-2.082308789994039011e-02
6.269982581712382208e-01
2.502803057529376929e+00
-8.052924214707643524e-03
-2.223819248438571039e-01
1.309358931738340351e-02
1.211980006998009812e-02
-1.200524015465310318e-02
2.507635979640148172e-01
1.084518849922921468e+00
-9.205793770242203661e-04
1.814023184818874465e-02
-6.791346027929159174e-04
3.806538996585683704e-03
1.024056289424693685e-02
2.563559438914009281e-03
-1.397231154511043016e-02
-7.828624263337591316e-02
6.391950183649904721e-04
2.516274242055405869e-03
1.308108654950801593e-03
2.027144488663592051e-03
1.758954198194184748e-02
-8.863108970084625227e-02
3.778400832003346328e-03
